42
51
55
61
69
81
87
97
114
125
144
148
165
176
180
184
191
210
227
232
242
256
268
272
287
306
317
326
336
344
351
364
384
400
407
430
438
442
453
469
473
489
508
519
529
533
537
544
548
558
565
574
587
612
620
626
630
647
657
677
687
694
704
719
725
732
739
746
753
761
780
784
805
819
829
848
852
867
877
887
902
908
912
919
923
928
948
952
961
969
979
989
998


26
36
42
46
56
74
83
88
93
98
102
108
120
128
134
144
151
161
178
199
203
212
224
228
245
256
266
270
287
296
304
311
324
335
348
365
374
378
383
395
400
418
428
443
463
473
495
499
509
516
526
538
551
559
565
573
584
591
602
612
634
651
661
668
680
684
694
701
718
729
737
747
754
758
778
784
791
798
815
828
835
845
855
869
882
897
911
924
934
938
942
949
953
963
968
978
982
999


25
42
49
60
69
73
77
81
91
98
109
126
136
140
147
167
184
193
213
217
234
256
260
267
274
278
283
296
311
318
334
339
349
368
379
385
396
402
406
410
416
423
439
443
461
468
472
482
495
502
509
516
529
545
549
557
567
574
586
593
606
623
640
646
653
666
676
695
705
719
733
740
757
764
774
790
806
825
829
833
847
857
864
868
878
885
894
915
927
933
950
957
971
988
998


13
19
29
39
47
57
62
69
75
86
90
95
99
103
107
113
117
121
125
129
133
137
142
152
156
170
179
183
203
210
214
228
241
251
256
260
264
279
285
303
310
330
347
352
356
363
368
372
379
387
393
405
409
413
423
429
433
439
450
454
461
465
469
473
478
483
489
497
512
516
521
526
532
538
544
548
552
558
562
566
570
574
579
583
587
591
599
609
614
620
628
632
642
646
652
656
667
676
680
684
688
694
698
702
710
718
722
727
731
745
749
753
763
767
774
778
784
788
793
801
805
819
834
838
842
852
882
890
900
910
915
928
933
937
942
948
952
956
961
971
983
989
996


15
32
40
48
55
73
80
91
97
102
119
129
139
145
162
179
187
206
225
238
250
263
282
292
299
307
321
332
349
365
379
389
396
411
415
429
434
438
449
458
465
475
488
508
520
533
540
550
572
582
590
594
603
607
611
616
620
630
636
640
645
649
659
669
679
687
706
726
749
762
768
772
782
802
808
818
822
832
849
855
859
882
888
896
914
924
937
955
973
985
992


23
29
33
40
46
53
57
64
72
79
88
98
107
111
116
120
126
132
136
144
148
152
156
160
164
170
174
182
186
190
197
204
211
220
227
231
239
243
250
257
268
275
286
296
300
307
314
335
342
360
369
376
383
390
397
406
425
429
433
437
444
449
453
462
467
471
475
479
484
488
493
502
507
511
519
526
533
540
547
554
561
568
575
579
583
588
592
596
609
616
622
631
639
648
652
659
663
669
678
682
688
693
699
703
710
717
721
733
739
743
750
757
764
775
780
787
794
801
805
812
819
823
829
836
843
850
857
876
883
890
897
905
915
922
929
936
943
950
957
966
973
981
988
999


24
30
34
38
43
49
55
61
68
74
80
86
96
102
112
119
125
131
136
143
150
157
161
167
176
182
188
193
199
206
210
217
221
228
232
239
248
252
259
266
275
279
283
290
298
302
306
310
317
321
328
336
340
348
352
356
367
371
378
383
390
394
400
406
412
418
425
431
438
442
451
457
463
469
473
479
486
490
497
503
512
518
524
530
536
543
562
566
570
576
583
589
597
608
614
620
632
643
651
657
663
669
678
690
697
702
712
716
722
745
751
757
764
770
777
783
801
807
813
824
828
846
852
859
865
871
877
884
892
905
913
919
929
933
938
945
949
956
962
966
970
974
978
984
991
999


18
25
32
39
46
50
57
64
68
77
81
85
89
96
103
114
118
126
133
140
145
153
157
162
171
178
187
192
197
205
210
215
221
225
233
237
242
246
252
259
265
272
279
293
300
307
314
322
329
336
343
350
357
364
371
378
385
392
396
403
420
427
434
438
447
456
463
472
479
486
506
513
520
524
531
538
549
555
564
571
578
585
592
599
603
610
617
624
631
638
645
652
659
666
673
680
688
695
705
712
719
726
733
740
747
754
761
768
775
782
791
798
805
812
819
830
837
844
848
852
856
863
870
887
894
902
909
918
925
932
941
949
956
963
970
978
982
986
993


14
20
30
36
40
47
54
64
81
87
104
123
135
144
154
169
176
182
192
205
209
228
243
263
280
294
305
315
326
343
352
359
379
397
403
410
427
437
453
478
488
505
517
524
528
533
537
554
565
570
576
580
600
612
617
621
631
645
650
657
675
685
695
715
720
730
740
750
761
776
786
796
813
833
853
868
888
907
915
920
924
936
943
961
973
978
982
992


25
37
42
50
55
62
67
76
84
89
93
102
106
113
120
132
140
149
159
165
175
182
189
197
204
214
222
229
235
239
243
254
270
284
292
296
303
310
314
330
337
344
351
359
366
380
387
406
410
417
422
426
435
443
447
454
461
472
481
485
498
519
523
545
549
553
557
564
580
594
598
603
621
628
634
638
652
662
668
672
677
684
690
694
698
709
713
723
727
731
736
745
749
768
778
785
790
797
812
819
826
842
851
861
868
875
886
890
895
899
903
908
915
919
923
930
935
939
947
957
968
974
982
989
993


50
60
68
72
78
89
98
108
119
130
134
144
148
155
168
178
182
188
193
200
204
216
226
233
243
255
261
268
278
284
288
294
298
309
328
332
336
340
358
365
372
381
390
399
417
422
426
436
459
464
481
485
492
515
545
566
570
575
592
596
606
613
634
655
672
688
692
697
701
716
731
738
753
758
767
774
783
793
806
821
825
841
873
877
890
909
916
931
935
950
957
963
968
972
976
986
996


19
29
46
51
57
66
83
93
97
105
115
121
140
153
163
172
190
200
214
222
227
231
236
240
250
267
271
293
304
321
338
349
370
377
394
402
415
421
425
435
445
455
467
474
484
493
497
507
519
536
546
563
567
578
588
603
613
632
641
648
658
671
678
697
703
713
721
738
745
767
771
776
796
800
815
840
844
851
869
880
884
902
907
920
940
960
982


18
37
54
59
68
72
81
85
89
99
110
123
138
155
159
172
176
180
185
193
203
210
222
232
250
263
277
287
302
312
326
332
342
347
351
366
373
390
395
404
412
416
420
426
430
434
438
443
447
451
456
460
470
474
484
490
494
504
514
520
531
536
546
552
558
568
577
584
596
603
613
624
630
637
651
661
667
674
686
697
714
731
742
752
756
760
767
777
796
813
823
834
838
855
873
877
882
888
898
908
913
918
934
945
960
969
973
980
997


52
60
64
74
84
98
104
109
113
118
128
138
155
159
176
200
217
237
251
261
267
272
282
292
309
314
318
340
346
364
374
394
413
417
434
442
459
476
480
490
501
509
529
539
556
577
581
588
598
610
630
638
655
659
675
682
692
702
718
726
733
740
759
772
776
780
797
801
805
823
834
848
858
863
880
888
904
915
925
930
934
944
948
968
985
995


20
27
37
47
51
59
63
73
82
90
95
99
109
116
123
141
148
152
156
164
169
173
181
190
194
202
206
212
217
236
246
266
283
300
305
309
324
334
341
347
357
377
396
406
411
415
425
440
458
466
479
498
502
507
519
526
530
537
556
566
574
584
591
602
614
620
625
630
634
641
654
670
674
689
699
716
723
734
754
761
788
805
818
823
830
853
858
865
872
892
902
919
932
938
953
966
976
986
990


14
22
28
39
45
53
61
66
72
78
84
90
96
102
111
119
126
132
136
142
146
151
157
161
167
174
178
184
188
195
199
208
212
217
223
228
232
236
240
245
250
254
258
264
269
273
277
287
296
301
306
311
318
322
329
335
345
349
353
357
363
368
373
377
381
385
394
398
402
413
423
427
433
437
454
461
465
470
474
481
485
492
496
500
504
510
516
523
529
534
540
544
550
554
565
571
577
583
589
596
602
608
614
620
627
633
639
645
653
659
665
671
677
683
689
701
707
714
720
726
730
738
744
750
759
763
767
776
782
789
795
801
807
814
821
828
847
851
862
868
874
887
894
900
907
911
917
926
933
939
945
951
956
964
969
975
984
991
997


15
19
28
37
43
50
57
64
68
72
77
81
88
92
96
103
110
116
121
126
130
137
144
151
160
167
174
181
189
197
205
209
213
219
226
233
239
246
253
261
269
276
283
290
298
305
313
317
321
327
331
336
343
360
364
371
378
385
392
399
406
413
420
428
439
446
453
471
475
479
483
487
492
496
502
514
518
529
533
541
545
552
559
563
570
577
584
594
601
607
614
621
628
635
642
649
656
660
667
671
676
680
687
694
701
710
719
726
733
755
759
766
773
784
791
798
802
809
816
824
831
840
850
857
865
872
880
892
899
906
915
924
932
936
940
944
950
955
965
969
976
985
991
998


17
28
35
39
46
60
64
70
87
92
96
104
114
119
136
141
145
149
156
160
165
173
177
181
186
190
196
206
217
221
235
252
256
277
282
286
291
295
301
305
322
346
365
382
392
408
420
430
447
458
474
484
498
508
525
535
552
561
565
575
586
590
605
615
619
623
630
634
651
670
679
683
690
705
709
725
743
763
774
780
786
790
797
807
820
824
829
833
842
847
860
864
879
883
893
904
921
932
942
949
959
964
970
987
997


25
35
42
52
69
82
91
101
118
139
143
151
155
164
168
182
199
216
220
233
238
248
265
282
294
309
319
329
334
349
359
363
369
381
385
403
413
417
427
439
450
461
477
495
505
522
543
561
571
582
599
609
619
631
648
655
668
678
695
705
716
727
744
754
771
794
805
812
831
835
841
858
865
882
904
910
917
921
932
936
942
952
966
983
990
997


19
23
34
44
51
59
69
87
94
104
114
124
130
140
150
163
180
190
197
207
222
241
258
268
275
293
300
313
331
335
341
346
352
356
367
378
388
403
413
423
434
447
458
469
479
492
505
512
531
549
571
585
604
619
623
638
642
652
672
676
681
691
701
713
720
727
733
738
757
770
777
781
797
825
836
851
861
871
881
887
907
927
938
944
948
954
966
972
976
981
991


15
32
41
49
57
66
76
91
103
113
131
137
155
174
184
190
208
225
229
246
263
282
303
320
326
345
349
354
358
364
370
374
378
382
389
393
400
418
434
451
472
479
484
488
509
519
529
533
556
573
583
605
623
630
637
654
661
672
690
700
717
727
735
752
771
782
799
810
821
841
858
875
898
902
912
916
935
948
965
975
997


15
32
42
46
51
55
59
64
75
96
100
107
124
128
133
151
168
186
202
212
217
224
233
243
247
264
271
276
283
287
291
295
314
321
325
331
350
355
376
386
408
428
438
458
474
485
502
506
528
545
563
581
586
603
616
620
630
647
664
675
694
703
719
737
758
769
773
794
798
808
812
825
847
862
884
901
919
943
951
958
975
987


26
32
52
59
64
70
74
91
109
118
128
134
143
147
165
176
194
211
229
246
265
269
276
296
302
322
343
362
372
389
406
423
433
441
461
480
498
523
540
563
581
598
617
622
639
650
655
677
681
702
712
716
734
751
768
778
787
806
815
828
845
864
868
885
908
919
923
935
942
959
977
987


19
29
39
46
63
80
86
96
102
108
129
135
152
161
175
193
200
205
222
230
247
264
278
288
301
318
328
338
345
351
370
396
400
404
409
415
421
427
431
435
442
466
491
509
519
537
564
578
596
614
630
635
646
653
669
691
695
714
731
750
772
790
800
821
825
829
836
854
864
882
887
891
908
915
926
931
935
952
971
980


29
34
42
54
59
71
78
92
103
113
133
150
167
177
194
211
233
252
256
263
268
275
279
286
294
315
337
344
362
380
396
413
425
435
439
456
473
483
503
513
525
529
534
539
556
573
583
593
613
617
631
650
671
675
680
700
710
717
721
728
742
759
769
788
805
821
838
848
866
883
897
914
932
944
948
952
959
963
981
992


14
18
23
30
36
40
51
61
65
79
84
96
108
112
124
143
149
165
172
186
203
220
239
256
266
283
289
306
320
328
339
356
374
381
385
402
419
436
442
446
463
474
491
508
528
532
536
541
546
565
569
588
608
618
635
647
665
672
691
701
721
731
751
768
787
798
815
819
829
839
856
861
865
869
873
878
895
901
911
926
935
955
960
970
989
995


14
27
41
64
70
88
106
113
131
137
155
160
164
169
174
191
208
220
237
258
275
286
292
310
327
344
361
366
388
409
430
448
465
473
486
503
522
541
555
572
588
608
614
630
649
667
684
701
711
731
756
775
793
809
832
850
862
872
879
893
904
922
940
948
965
982
990


21
30
47
64
74
93
113
118
131
135
145
153
158
162
166
174
178
195
212
229
246
253
260
277
287
305
315
332
342
352
369
386
396
417
427
447
456
467
477
499
514
533
553
572
598
612
620
627
634
657
674
691
703
724
728
753
767
791
797
812
829
840
858
876
885
889
897
901
906
911
933
939
943
948
965
983
993


15
19
25
36
48
59
81
96
111
117
125
143
147
156
162
182
192
202
212
229
239
256
277
293
310
327
344
362
381
399
403
422
435
445
466
473
500
510
527
544
561
568
578
595
612
629
633
643
657
662
679
686
704
721
732
757
761
768
774
780
787
791
807
812
816
827
842
863
880
891
910
914
924
936
946
963
981
990


29
35
45
61
65
84
88
106
125
135
149
154
165
176
181
188
192
209
231
248
265
285
299
321
341
347
357
377
398
416
432
439
453
470
487
510
524
531
541
562
567
572
589
606
610
620
630
641
652
670
687
704
723
741
758
768
785
802
810
834
846
857
874
879
883
900
911
915
924
935
945
966
983


13
25
32
37
41
45
56
60
73
84
93
113
130
143
150
155
164
175
193
200
220
227
246
259
264
270
281
287
293
297
301
318
336
343
350
354
374
391
395
399
409
422
441
463
467
472
485
498
507
517
534
541
548
555
572
587
608
618
628
652
669
673
691
706
723
742
768
775
789
799
816
837
854
860
865
884
903
920
924
941
945
955
973
990
999


16
35
43
62
80
103
122
139
157
161
165
171
179
184
188
192
197
201
208
225
235
252
256
261
266
270
275
280
287
299
319
325
335
346
352
369
387
406
410
415
419
432
449
467
471
481
491
508
519
528
532
549
566
579
593
609
630
636
653
662
672
692
699
704
714
733
752
765
780
799
814
835
848
860
877
887
898
902
912
924
936
959
969
986
990
997


17
26
33
50
69
91
111
126
136
146
151
161
179
196
220
237
250
267
284
301
318
329
342
359
376
383
404
423
433
444
455
477
495
516
536
553
566
583
594
599
606
622
629
640
662
679
699
709
723
734
756
768
785
795
815
833
838
844
848
865
872
895
916
922
939
956
978
995
999


17
27
37
44
61
74
91
102
119
141
145
156
173
179
199
216
235
252
269
291
297
308
322
326
336
343
349
366
384
402
407
422
444
461
471
475
492
513
528
539
543
554
564
569
586
603
628
639
656
660
671
691
701
708
716
736
752
771
789
806
824
833
856
869
873
893
910
937
952
972
993


16
22
27
34
40
50
62
72
89
106
123
140
158
179
198
215
223
227
235
253
272
293
298
302
316
321
340
344
361
383
400
407
414
435
452
469
487
498
520
539
559
563
584
589
607
618
637
642
647
651
656
665
674
691
701
717
721
731
745
752
759
775
781
785
802
819
837
841
845
863
880
897
914
933
953
970
976
989
999


25
33
41
49
58
68
75
91
108
131
136
153
160
181
201
205
216
233
251
272
295
299
310
327
347
358
371
376
380
402
412
429
439
451
455
472
482
487
506
523
533
551
561
578
596
614
618
626
633
650
663
683
693
712
723
729
747
762
767
787
797
814
827
837
847
859
872
889
906
923
931
940
949
959
976
994


33
39
48
70
77
87
97
107
124
144
156
166
177
195
200
220
238
249
268
285
302
319
336
356
361
372
378
398
415
435
458
475
492
498
523
538
556
574
586
606
616
625
638
664
687
691
701
712
729
751
764
790
810
820
838
848
854
873
890
907
926
946
952
959
982
999


12
30
37
41
48
68
79
100
109
128
140
161
167
174
191
208
213
218
235
252
265
269
279
299
319
337
348
369
387
393
410
419
430
435
445
469
489
512
522
540
557
576
597
601
614
631
654
674
687
691
696
713
733
752
766
784
789
806
817
837
856
866
880
884
901
906
910
924
932


15
22
29
37
47
54
66
73
84
88
92
102
119
125
129
146
164
181
205
210
226
235
252
261
265
282
287
292
296
301
325
331
345
358
362
381
398
422
440
458
479
504
525
538
549
554
573
593
603
613
633
650
670
693
715
735
754
766
783
804
821
838
848
869
876
895
913
932
938
947
970
974
984


34
48
58
67
84
101
106
117
127
137
154
161
168
185
204
219
234
245
265
282
300
318
334
339
350
367
389
408
412
429
446
451
468
485
495
518
523
541
545
549
566
571
588
599
619
638
655
669
686
696
714
730
734
753
757
779
798
809
822
829
835
842
852
862
879
897
907
911
933
943
960
970
975
979
996


14
19
24
41
51
61
68
78
88
97
107
119
136
155
174
192
196
213
223
239
243
253
270
288
307
317
334
352
362
372
390
407
424
442
453
470
480
492
511
522
537
555
577
599
616
634
648
658
678
695
706
719
738
758
773
784
794
811
822
839
850
867
884
901
919
936
953
960
977
995


26
32
39
46
53
59
63
69
74
80
86
92
97
101
111
115
119
125
129
137
141
150
154
164
169
175
183
187
191
196
200
204
213
217
221
229
238
242
247
251
256
260
264
268
276
280
284
295
299
303
308
312
318
324
331
337
346
351
355
359
366
372
378
385
389
395
404
410
416
422
429
435
440
446
456
462
468
474
483
489
495
500
505
512
519
526
530
536
540
546
554
559
563
568
574
580
587
593
601
607
613
619
626
632
638
645
651
656
662
668
676
682
688
695
704
710
718
725
733
737
744
748
754
760
766
772
778
786
795
804
810
816
829
835
841
849
853
859
863
870
877
881
888
894
899
905
911
915
922
931
936
940
944
948
954
959
963
968
974
980
987
994
998


15
24
28
33
38
43
50
67
76
83
90
97
101
107
117
134
155
165
175
181
199
217
237
254
273
288
298
319
336
353
364
369
376
393
411
421
432
442
453
463
473
483
493
509
519
536
558
568
575
585
601
622
640
657
667
684
701
721
731
742
763
771
789
809
820
826
843
860
870
887
906
923
942
960
966
970
977
985
995


24
31
35
40
48
55
63
83
93
101
111
129
152
161
178
196
212
223
240
258
275
295
312
332
354
371
381
392
411
429
439
461
479
489
499
512
524
541
562
579
590
600
611
621
632
649
669
683
693
719
736
749
760
779
792
809
828
838
848
870
877
894
906
921
931
948
966
986
996


21
38
48
71
75
83
90
99
116
120
138
145
163
180
199
209
230
247
258
276
297
301
319
337
347
358
362
372
392
407
425
431
448
463
478
490
509
527
544
554
572
585
595
613
624
642
652
659
669
687
704
723
743
760
767
777
794
805
812
825
846
863
873
887
904
917
929
944
961
978
995
999


37
41
45
55
60
72
84
90
95
99
109
113
124
134
144
154
164
174
184
197
207
217
227
233
248
258
268
283
287
303
315
329
346
359
369
374
384
397
407
424
434
447
461
474
487
494
505
518
534
545
556
569
580
594
604
624
634
653
666
679
689
699
709
720
731
751
767
777
795
805
816
831
841
852
862
878
888
899
909
919
929
935
939
950
960
972
981
986
996


18
28
35
39
50
61
71
86
93
101
105
125
129
139
156
174
187
209
215
233
243
261
271
277
282
293
303
324
334
352
375
385
395
406
417
437
447
464
480
491
508
520
537
547
561
572
586
599
615
625
639
663
674
695
713
725
743
753
767
779
789
806
825
833
848
866
883
901
918
930
951
973
984
994


29
34
39
57
79
88
93
98
106
110
132
136
146
157
167
184
204
216
234
245
250
268
272
276
294
311
330
340
360
376
396
400
412
425
435
445
458
475
486
497
512
522
543
553
570
574
584
597
614
633
643
653
664
679
696
715
722
726
736
746
756
771
795
805
822
841
851
868
878
895
905
915
925
942
952
960
977
989
998


39
50
60
67
71
91
109
115
119
138
148
159
176
193
198
209
216
233
250
267
285
298
315
325
342
352
370
377
396
407
417
434
441
451
468
486
500
514
525
545
555
565
579
589
602
617
624
637
651
665
676
686
703
713
723
739
756
762
772
789
794
815
822
829
839
849
860
881
898
918
935
953
973
983
996


15
20
26
30
37
42
46
54
58
65
72
80
90
94
101
108
118
125
132
140
147
154
158
165
169
176
181
191
202
211
218
225
232
240
248
252
259
266
271
280
292
299
309
316
323
330
338
345
352
359
363
372
379
386
393
400
407
417
424
431
438
445
452
459
466
473
480
491
498
505
512
519
527
534
541
548
555
567
574
581
588
595
602
609
616
623
630
637
644
651
658
665
672
679
689
696
704
711
718
725
736
744
758
765
774
781
788
795
802
812
825
832
841
848
855
862
866
877
884
892
901
908
914
921
927
937
944
949
959
963
968
974
981
987
996


37
44
48
58
65
82
92
111
128
147
164
186
194
204
215
232
253
272
289
295
299
306
310
315
332
350
360
379
389
406
423
444
454
472
482
492
502
512
529
544
558
568
578
600
617
628
638
654
672
682
699
717
739
746
757
769
779
789
800
811
828
837
847
857
864
888
899
903
913
934
951
968
978
983
992
998


13
21
38
43
54
61
65
69
74
78
89
96
113
124
133
143
153
169
186
196
200
210
227
244
262
279
300
317
334
344
361
379
396
417
429
446
456
473
495
505
524
534
541
551
568
588
604
614
631
642
653
663
673
683
693
710
720
737
748
769
779
789
807
826
837
859
876
886
908
925
936
953
963
970
974
994


52
70
90
100
118
128
138
148
158
162
172
191
210
214
234
253
274
279
289
302
313
333
352
373
387
404
423
434
444
461
471
488
498
517
527
544
561
571
580
591
610
627
637
647
664
676
686
708
712
729
746
763
773
794
804
821
840
850
860
881
899
913
930
949
959
965
969
978
986


13
20
27
34
41
45
49
53
60
66
71
85
90
95
102
106
110
117
122
126
130
134
139
147
157
162
167
171
179
183
188
192
197
201
206
210
219
225
229
238
243
247
254
258
263
267
273
277
282
286
291
295
300
304
308
312
316
321
330
334
342
346
350
354
362
368
372
376
380
384
394
398
404
408
412
416
420
424
428
434
439
443
450
454
459
464
468
473
477
482
486
492
499
505
519
525
529
535
542
549
555
564
570
575
581
587
595
602
608
614
624
628
632
637
643
648
652
659
668
672
676
682
688
697
703
709
716
722
730
734
741
745
752
758
766
772
777
783
789
797
802
807
812
818
824
831
841
845
851
857
863
870
876
882
888
892
898
902
906
911
917
922
928
934
940
948
955
962
968
976
982
988
993


37
47
61
84
88
107
117
138
150
167
177
181
198
203
223
229
239
250
263
280
299
316
335
354
373
378
388
399
414
425
435
452
474
491
502
515
532
542
552
562
579
596
615
625
642
652
665
675
696
706
716
733
744
752
769
779
786
803
820
834
858
876
886
903
915
928
945
955
976
993


21
26
31
38
44
48
56
63
73
81
87
92
99
105
113
118
124
130
134
140
147
153
157
161
168
174
178
184
188
196
200
207
211
218
224
233
241
247
251
258
264
271
278
286
291
299
303
309
315
323
330
336
341
345
352
356
363
369
375
381
389
395
401
407
413
422
430
436
442
449
455
461
468
474
481
487
495
501
508
514
521
527
532
538
544
551
557
563
569
577
583
589
597
603
609
615
622
628
635
641
647
653
660
668
674
680
686
693
700
706
712
719
725
732
738
755
761
768
774
781
785
793
800
804
810
817
823
831
837
844
852
859
865
875
879
888
895
901
907
912
918
926
931
939
946
951
960
964
968
972
976
984
991
995


53
72
90
101
110
117
137
161
165
175
192
210
220
231
248
259
278
297
314
333
343
358
379
397
407
417
436
454
471
488
506
523
540
551
568
586
604
614
627
637
648
658
668
679
702
709
729
743
760
779
797
815
826
846
865
888
906
916
921
941
958
969
986
997


27
31
36
46
63
73
84
104
121
139
149
167
185
191
208
216
233
250
267
284
295
302
310
327
345
359
363
381
391
408
419
437
454
474
491
508
522
533
546
556
573
592
606
617
628
638
655
673
686
699
710
726
736
746
768
787
805
810
832
849
870
888
898
908
923
927
949
966
985
989


15
26
39
59
69
86
92
102
113
131
141
159
177
181
198
208
225
235
254
276
289
296
306
316
330
347
358
375
388
405
423
440
457
467
485
503
522
544
558
578
591
608
630
648
658
679
696
713
723
734
744
763
770
787
804
821
833
850
864
881
891
908
930
937
955
966
971
990


16
20
26
36
44
53
63
69
76
84
88
94
103
112
121
125
131
137
145
149
155
159
170
174
183
190
194
201
205
210
215
220
224
237
241
248
252
259
265
271
279
286
292
297
301
306
312
317
321
326
332
337
342
347
351
357
363
369
374
380
386
392
398
404
410
416
422
429
435
444
450
457
463
469
475
481
487
494
500
506
514
520
526
533
539
545
551
558
564
570
576
582
589
602
609
615
621
628
634
640
646
652
658
665
671
677
683
689
696
703
709
722
728
736
742
748
754
760
771
777
791
797
804
810
818
825
831
837
848
854
859
866
870
876
882
886
894
898
903
907
912
916
922
926
932
938
945
952
958
964
968
975
981
988
994


17
23
43
53
63
82
101
121
138
158
175
181
198
217
221
240
257
271
294
311
335
339
358
375
393
410
432
451
468
485
505
515
526
530
542
559
576
596
615
633
656
677
688
698
708
725
735
745
768
786
796
814
837
852
867
884
906
925
945
951
961
979
996


15
26
32
39
49
55
61
67
76
83
105
115
121
131
148
161
178
197
214
232
249
267
277
287
304
314
331
349
367
384
396
416
434
445
463
473
483
500
518
536
554
571
588
598
608
625
641
658
665
682
699
716
735
752
771
792
810
820
838
855
872
889
906
923
940
959
965
975
985


17
22
30
37
50
63
70
80
97
117
121
139
160
164
182
199
208
217
235
252
269
289
306
323
340
357
363
380
397
407
427
444
464
487
504
521
538
555
569
589
609
628
641
658
675
695
714
728
732
749
759
777
787
803
807
824
841
858
875
892
914
924
941
951
968
985
995


12
18
23
30
36
45
63
69
73
90
101
106
110
120
130
134
143
161
178
195
212
229
247
266
276
296
307
324
343
353
372
383
406
419
429
446
464
486
504
522
543
553
565
585
595
615
633
643
650
667
676
693
713
723
733
747
767
784
805
822
843
862
875
893
913
924
928
935
939
958
975
992


17
22
30
37
43
60
77
82
92
110
120
128
148
165
175
184
207
224
241
258
264
274
292
298
303
307
321
338
347
364
379
396
416
436
453
463
480
501
522
541
551
570
587
606
617
626
643
653
668
686
703
722
739
757
766
773
791
809
826
843
861
878
897
915
933
950
975
994


15
32
36
44
56
73
90
107
119
123
127
144
161
178
195
212
230
247
265
285
302
315
329
348
363
381
398
421
425
444
454
464
484
504
524
544
561
579
596
614
624
630
649
668
686
703
721
738
745
764
781
798
808
818
828
844
863
883
893
912
931
948
965
988
998


31
41
52
57
61
65
82
88
106
116
126
148
152
156
177
194
198
202
207
224
241
253
270
294
304
325
336
343
360
373
384
389
406
424
428
446
456
476
494
513
530
547
552
571
591
601
619
636
656
666
683
700
720
725
743
753
763
780
797
815
834
851
875
885
895
912
929
946
963
983


17
32
42
62
66
70
89
106
128
145
155
165
184
194
211
231
235
252
269
286
305
323
340
360
382
392
403
420
430
447
451
468
488
507
525
542
552
562
572
591
609
626
647
664
684
704
722
740
757
767
792
809
822
842
852
869
886
903
913
923
940
958
976
996


17
30
35
53
73
80
91
111
125
135
156
174
195
200
222
234
251
268
286
304
321
331
341
363
384
394
411
423
434
451
468
486
503
522
539
549
567
586
603
613
634
651
671
688
706
723
741
758
775
792
813
831
848
860
878
888
905
924
945
962
979


31
40
47
51
55
65
83
87
91
111
129
146
152
170
180
190
207
211
222
242
259
277
295
308
314
334
353
372
389
407
425
445
463
480
490
504
523
542
560
579
600
617
637
663
680
698
713
723
744
761
775
792
809
819
830
842
863
880
899
916
937
947
964
983


37
41


12
30
41
58
76
94
114
131
151
168
185
209
226
245
263
282
301
320
342
359
370
388
405
420
439
456
475
497
520
537
547
566
576
593
610
627
649
666
683
692
702
712
728
746
768
781
800
810
829
847
863
880
898
915
925
945
962
973
991


17
37
54
64
71
88
105
115
133
150
161
178
195
212
233
252
269
282
300
311
328
346
368
385
403
421
443
460
477
497
514
534
551
568
585
598
615
625
642
663
680
698
718
738
749
756
773
784
803
808
823
840
859
876
893
903
920
939
956
969
992


14
21
41
63
71
81
101
121
140
159
176
193
197
204
222
232
244
263
273
290
308
318
331
352
370
387
404
425
439
456
475
480
501
522
540
557
574
591
608
627
644
654
671
693
710
729
746
763
781
800
818
836
846
868
872
894
915
934
954
971
975
992


15
22
31
49
66
77
82
89
95
106
123
140
157
176
197
207
224
235
252
264
282
291
309
328
345
362
384
401
420
441
458
478
493
515
532
552
569
586
603
620
642
659
669
686
708
726
743
760
782
799
819
828
851
865
882
895
913
932
951
968
985
994


15
20
28
42
55
73
93
97
119
129
134
151
162
171
190
208
218
235
246
264
282
301
318
335
352
370
387
402
423
445
462
474
491
509
527
545
562
579
590
610
627
638
649
666
676
694
717
736
753
779
796
813
830
850
867
884
904
925
942
948
966
983


24
28
34
51
68
79
89
99
116
135
152
171
191
208
231
250
267
289
294
311
315
322
340
358
377
388
405
422
439
456
470
490
500
517
527
545
566
585
602
619
638
655
674
694
717
728
745
756
773
787
807
830
840
859
876
886
905
916
920
930
948
957
975
985
993


16
23
41
51
59
63
80
98
107
127
146
159
176
195
199
213
230
249
271
277
294
313
332
349
366
385
404
421
438
458
475
488
510
527
545
566
576
594
614
632
650
667
686
703
721
739
752
769
780
797
816
835
855
871
888
908
925
944
964
986


18
23
31
48
58
64
81
86
104
122
139
157
167
172
182
199
216
222
232
250
274
293
303
321
331
350
369
386
405
415
433
452
469
488
498
515
536
546
565
575
592
609
626
643
667
684
704
726
748
766
783
803
824
842
860
877
894
914
934
951
968
985


27
35
46
56
60
77
95
112
122
143
161
180
197
214
232
249
266
283
300
310
327
348
365
382
399
416
433
450
467
485
502
519
530
550
571
588
608
629
639
656
675
685
702
715
732
742
752
774
778
792
811
831
848
865
882
891
895
912
929
951
965
974
991
999


42
51
61
69
76
87
91
39
999


39
999








994












999






999


999














22
















999






996






34


















998


996










































39
999




996




36
46


















993


39
999








994












999






999


999














22
















999






996






34


















998


996










































39
999




996




36
46


















993


39
999








994












999






999


999














22
















999






996






34


















998


996










































39
999




996




36
46


















993


39
39
