42
47
53
61
69
79
86
90
97
101
111
127
134
145
150
156
160
165
169
173
178
182
188
193
197
201
205
210
216
226
243
260
266
287
299
303
317
336
340
351
361
365
375
381
388
405
422
426
445
450
454
458
462
468
472
476
480
484
490
494
499
503
509
513
523
528
532
536
543
547
554
559
565
574
578
586
596
613
620
638
644
661
665
676
680
685
692
701
705
723
741
746
764
768
785
795
801
819
823
831
835
842
846
853
857
874
882
894
904
910
914
919
925
935
948
969
979
989
999


26
30
41
53
70
87
97
107
117
124
134
144
151
158
168
185
195
205
209
227
238
259
266
277
295
305
313
334
341
345
349
366
372
378
383
387
391
397
402
406
411
419
424
430
434
443
448
452
457
461
468
472
477
481
486
491
495
500
504
508
513
517
521
525
529
534
538
542
547
552
557
563
567
572
580
584
590
594
599
603
609
613
617
621
628
635
640
646
650
656
660
665
670
674
680
687
693
704
710
714
718
735
752
759
776
793
800
811
816
821
825
829
836
840
844
848
854
858
862
866
883
887
892
896
902
906
912
924
934
944
955
964
982
999


25
36
46
57
64
74
81
91
104
121
131
141
145
162
182
189
193
202
217
234
244
261
283
290
295
310
327
344
362
379
397
408
417
421
431
435
439
443
447
456
460
468
478
485
491
497
501
509
513
520
527
531
536
540
546
550
554
558
563
572
579
584
589
597
603
608
612
619
630
634
638
645
650
657
662
666
671
675
679
686
691
698
706
723
728
734
738
742
746
763
767
772
783
787
791
796
801
818
822
839
856
865
873
886
896
906
923
940
949
959
976
985


13
19
25
35
41
47
51
56
60
67
78
88
98
108
118
131
141
149
153
164
168
175
179
183
193
203
208
212
216
220
230
240
251
256
266
276
286
298
308
318
323
333
337
357
361
370
374
380
384
392
402
408
413
419
424
430
434
442
446
451
455
460
464
468
473
477
482
486
491
496
500
506
515
519
523
528
532
536
541
545
552
558
562
567
572
576
581
585
590
595
599
606
610
615
621
625
630
635
645
650
654
658
664
669
673
687
691
695
699
703
707
714
719
723
730
734
744
748
755
760
766
774
779
783
787
791
796
802
807
811
815
822
827
831
835
842
853
864
874
884
894
905
915
925
935
945
953
963
973
982
988
996


15
23
33
41
51
58
68
75
85
95
106
125
135
144
148
158
179
186
195
214
225
229
234
253
263
267
272
276
284
290
295
299
303
313
317
321
326
330
338
344
350
359
363
367
372
378
382
387
391
397
402
409
416
422
427
433
437
441
446
452
456
467
471
475
479
486
490
509
515
537
541
546
550
559
564
569
573
577
587
593
598
603
607
613
621
626
631
638
642
646
655
662
666
670
674
680
684
688
694
698
702
707
711
716
721
725
732
736
744
748
763
773
778
782
804
808
825
847
866
876
896
913
930
955
965
975
992


23
29
37
45
52
59
66
74
84
90
94
100
107
111
116
120
129
133
142
149
153
157
161
165
169
174
179
183
187
193
197
201
207
211
220
224
228
236
240
245
256
265
269
273
277
286
290
294
298
304
308
312
316
323
332
336
344
348
352
360
365
369
375
382
386
390
395
402
406
410
414
419
425
429
433
438
442
447
453
462
468
472
479
486
490
494
498
502
507
511
517
522
526
530
537
541
545
549
553
563
569
574
581
588
592
596
601
608
612
616
620
624
632
636
640
644
653
657
666
670
679
685
689
698
703
708
712
717
722
727
731
736
743
752
762
766
770
775
779
785
789
800
804
809
813
817
823
828
832
841
845
849
853
857
862
866
871
879
883
892
898
903
907
912
916
920
924
931
935
941
945
950
955
959
963
970
977
984
991
998


24
30
34
38
43
49
55
60
64
69
78
85
89
93
99
103
109
115
122
129
138
147
152
160
166
173
180
190
196
202
210
218
224
230
239
247
253
259
267
271
278
286
294
302
306
312
318
325
331
336
344
348
354
358
365
369
378
386
390
397
403
407
415
421
428
432
439
445
453
460
468
474
480
484
493
501
507
513
520
527
535
539
545
549
557
565
571
575
582
586
592
596
605
611
615
622
628
635
639
648
654
664
669
676
680
687
693
699
705
710
719
725
733
740
744
751
755
763
769
773
779
785
792
798
807
811
818
824
829
835
839
847
853
859
867
873
882
889
898
905
914
918
925
931
940
949
958
962
968
974
978
985
993
999


18
25
33
37
44
48
53
60
68
76
84
94
101
114
123
127
134
140
147
151
158
162
170
177
182
189
193
197
205
209
216
223
227
232
236
240
246
251
255
259
266
271
275
283
292
296
301
306
310
315
319
323
329
339
343
348
352
359
363
368
372
377
385
390
394
398
403
407
413
421
425
429
435
444
448
456
463
469
473
480
484
489
493
498
502
506
510
515
519
524
530
534
538
543
547
554
559
564
569
573
577
583
587
591
601
605
610
614
618
622
627
636
640
648
654
658
664
669
676
681
685
694
702
710
714
723
729
733
739
745
751
755
760
769
773
780
789
793
803
810
817
825
829
836
843
850
857
864
872
877
886
890
896
900
907
911
918
925
932
939
947
954
961
970
977
984
988
995


14
20
27
36
47
57
76
87
96
115
125
135
141
151
158
162
181
192
209
213
230
234
240
244
257
265
269
273
290
298
303
311
328
332
351
359
367
375
392
396
400
405
410
419
427
440
444
452
456
460
465
469
475
479
484
488
493
499
504
508
515
521
525
529
534
538
542
546
550
554
561
566
570
574
580
585
591
595
600
606
612
617
621
626
630
634
641
646
650
657
661
665
670
674
679
685
689
696
700
709
713
717
722
727
731
736
740
751
756
760
769
773
779
783
787
792
796
803
807
811
815
820
824
829
833
838
842
847
852
861
868
872
884
888
894
903
907
917
927
938
948
972
980


25
29
36
44
48
55
59
64
71
79
87
91
95
106
110
114
118
122
129
136
140
149
153
160
167
177
185
197
204
208
215
223
227
236
240
250
254
262
270
274
284
292
302
309
313
320
324
331
335
339
344
351
355
364
368
375
379
389
393
403
410
424
428
432
442
446
453
457
467
477
487
491
498
506
510
514
524
534
545
555
562
572
582
592
602
612
619
624
633
637
642
647
651
655
660
670
680
685
695
700
713
723
729
733
743
750
754
765
777
788
799
803
815
827
837
842
851
859
863
872
877
886
895
899
906
911
915
922
932
936
946
953
960
969
973
978
986
993


50
60
65
69
76
85
92
103
113
123
133
141
145
155
165
176
183
195
205
216
226
231
237
243
255
265
275
285
289
299
309
319
329
342
352
362
372
382
392
396
406
411
421
431
441
445
455
465
469
479
493
508
512
519
524
528
532
540
544
548
554
569
573
577
589
599
609
625
629
641
646
650
654
658
669
677
692
696
708
713
717
722
726
731
735
740
746
750
760
764
768
772
779
783
791
795
799
808
812
817
823
834
844
850
862
872
882
892
896
906
912
922
932
942
952
962
972
983
993


19
29
33
41
46
53
63
75
83
90
94
108
121
131
149
172
190
199
217
237
247
251
261
278
296
306
323
327
337
341
346
352
356
374
379
398
402
419
429
446
463
481
489
494
514
535
545
550
554
571
588
603
607
616
621
626
631
642
646
651
655
663
667
674
678
683
690
697
701
707
712
719
723
731
736
741
745
750
767
774
791
797
804
825
829
835
840
844
850
854
858
863
867
877
894
905
927
938
949
960
973
980
993


18
37
54
68
85
89
99
104
114
132
142
152
172
177
197
202
206
216
222
227
245
252
270
280
302
321
327
331
354
359
365
382
386
390
407
428
445
451
459
463
470
474
478
483
487
491
499
504
508
514
523
527
531
535
541
548
552
559
563
567
577
588
592
599
605
614
618
622
626
630
636
654
663
668
673
677
682
689
694
698
702
708
712
723
727
744
750
768
772
789
794
806
811
815
820
824
833
840
844
850
854
864
870
889
907
916
935
954
971
981
991
998


52
60
66
77
87
98
111
118
128
138
155
166
174
184
189
196
206
213
220
226
236
253
264
268
288
306
310
317
321
338
342
359
376
393
410
420
427
437
454
463
474
496
513
530
540
551
568
585
605
610
627
645
655
659
679
696
713
717
721
738
755
764
772
778
795
799
818
838
849
856
865
869
873
877
894
904
908
913
926
930
936
944
948
956
965
976
993


20
27
37
44
51
59
65
82
89
106
123
138
157
169
180
199
216
233
250
254
271
290
307
324
329
336
353
357
363
370
374
379
383
393
397
407
411
415
422
439
447
464
469
473
477
481
485
493
500
504
510
515
539
543
547
552
573
581
585
595
600
604
609
630
635
644
651
670
674
679
683
687
694
698
704
709
713
718
722
726
731
735
739
744
748
759
765
769
778
782
788
792
796
802
807
811
817
821
826
830
835
842
847
851
856
874
891
896
913
932
949
959
976
986
994


14
22
28
36
42
48
54
61
68
74
80
87
94
100
107
113
119
126
132
138
144
150
156
162
169
177
184
190
196
202
208
215
222
229
235
242
250
256
263
269
275
282
288
292
298
304
311
318
325
331
337
343
352
359
365
372
376
382
386
392
398
403
409
415
423
429
435
441
447
453
459
466
472
476
482
489
495
499
504
510
514
520
526
532
537
544
551
556
562
569
576
580
584
588
593
597
603
609
613
617
621
627
633
641
649
653
664
669
673
677
683
689
694
701
709
716
722
730
738
742
749
757
763
769
777
783
796
802
808
819
823
828
834
840
846
853
858
868
875
879
885
890
896
900
906
913
921
928
934
940
947
953
960
968
974
985
991
997


15
19
25
32
39
44
48
55
59
68
73
78
82
86
92
96
101
105
115
121
126
130
134
141
145
151
155
160
166
172
176
180
184
188
192
196
204
208
213
219
224
228
233
237
241
245
249
253
257
262
269
274
281
285
290
295
306
311
316
320
324
335
339
343
352
358
364
368
375
380
388
396
400
408
412
416
421
425
429
434
439
443
452
456
466
472
478
484
488
493
497
503
507
511
515
520
526
530
537
545
554
559
563
568
572
576
584
588
592
601
607
613
622
627
631
636
643
647
651
658
662
667
676
680
684
689
693
697
701
706
711
716
720
727
731
735
740
744
751
755
759
768
772
777
782
786
791
796
802
809
813
819
825
829
836
840
845
850
855
859
864
871
875
879
884
891
895
900
905
909
914
922
926
933
937
942
948
952
959
966
973
984
991
999


17
28
39
48
55
70
83
87
92
99
103
107
112
120
141
153
160
164
182
192
197
209
214
219
223
228
232
246
258
263
267
271
281
285
304
308
325
329
338
342
351
356
360
364
368
372
378
382
387
394
399
407
413
417
436
449
466
477
481
488
492
496
504
512
516
521
526
530
534
539
543
557
561
566
576
584
588
594
601
605
622
632
649
659
675
679
684
701
718
728
738
757
768
786
796
801
818
828
845
862
881
885
891
897
907
912
923
933
941
947
957
963
974
991


25
36
43
56
66
70
77
82
92
112
116
133
138
149
166
176
183
202
213
217
235
245
249
258
262
267
275
291
296
313
332
349
360
364
368
387
397
414
431
449
470
481
499
503
525
529
536
540
544
565
571
575
583
590
595
602
611
615
619
636
653
657
661
670
674
679
683
687
695
699
704
708
728
746
750
754
758
775
795
812
822
839
856
876
882
888
893
898
902
906
915
924
934
944
948
958
969
976
983
990
996


19
28
32
36
40
50
59
70
79
98
105
117
124
135
152
159
169
173
182
192
197
212
216
226
230
236
246
250
261
270
277
294
298
302
306
317
324
328
335
339
343
353
357
365
373
384
388
392
397
401
406
410
427
437
447
456
460
464
474
483
487
493
499
503
510
518
535
545
550
555
559
564
568
575
593
611
628
632
641
656
660
664
669
673
677
685
694
699
703
707
716
720
729
733
737
741
745
752
756
760
764
769
773
777
783
787
792
799
803
809
817
821
827
832
838
843
847
853
858
862
866
871
879
883
888
893
897
902
907
911
917
923
927
931
945
955
965
975
985
991


15
32
41
46
57
76
90
94
104
109
130
147
168
181
191
198
220
237
258
279
302
320
337
354
373
390
408
429
446
464
481
486
494
501
508
525
550
556
573
590
611
629
633
652
657
662
679
684
701
709
729
733
739
743
748
753
757
764
768
772
790
794
798
815
819
829
848
865
882
897
901
906
925
944
954
961
973
988


15
32
42
55
59
64
71
76
86
109
126
135
141
151
155
165
182
200
211
223
232
236
256
273
283
287
305
322
328
338
348
366
377
384
408
425
446
463
481
500
519
530
548
565
582
590
607
625
642
660
664
674
678
684
691
695
700
704
708
712
716
720
724
728
733
737
741
758
778
795
799
816
833
850
856
875
896
917
934
951
969
982
993


26
32
41
55
65
72
83
95
105
109
116
123
130
143
153
172
186
203
213
223
231
241
258
267
277
287
304
315
319
336
355
359
381
398
402
406
412
416
421
426
443
461
483
493
498
521
538
542
561
579
597
607
627
631
648
665
685
702
723
742
765
782
786
791
795
815
833
850
854
858
865
872
876
880
884
893
910
931
948
968
977
986
993


19
29
37
49
56
60
69
75
82
89
98
119
126
139
149
166
183
193
200
209
227
245
263
274
284
301
311
321
328
341
360
377
395
401
405
409
415
420
441
459
477
494
511
528
546
564
584
588
596
600
610
614
632
636
648
652
656
661
679
696
715
726
731
755
772
782
788
792
799
807
824
842
859
878
895
905
922
939
949
956
963
973
990
997


29
34
42
54
58
76
85
93
98
109
119
126
147
164
181
194
204
221
239
261
276
286
296
313
330
334
352
369
377
396
404
408
425
446
466
485
505
509
520
524
530
538
542
546
550
554
558
564
571
575
580
597
603
608
625
644
664
668
673
691
695
713
730
747
764
782
786
791
812
816
836
854
871
888
908
925
944
954
972
982
990
999


14
25
29
36
47
51
61
65
79
86
108
112
130
134
138
143
150
159
165
169
188
202
209
219
232
239
256
278
284
294
305
321
342
359
363
368
385
404
408
416
428
433
453
457
461
467
484
505
517
534
538
542
559
569
586
596
612
629
634
655
672
694
713
730
749
766
770
775
798
815
819
823
840
850
868
885
902
920
937
941
948
969
981
985
989
995
999


14
27
41
61
65
71
88
98
110
117
126
146
158
167
177
195
212
237
242
246
257
266
274
278
282
286
305
326
343
366
383
400
404
421
438
456
473
484
490
494
514
532
536
555
560
577
594
612
619
623
640
653
662
667
671
677
687
691
708
726
731
735
740
744
763
773
778
782
787
791
809
832
849
868
885
900
910
928
948
954
958
968
982
989
998


21
30
40
46
52
60
64
74
79
88
95
114
131
147
151
156
174
178
186
198
208
231
249
254
260
264
284
302
306
325
329
351
369
386
403
420
425
442
447
451
456
473
478
482
500
504
508
526
530
547
566
570
574
594
598
615
626
631
644
648
654
676
693
710
714
732
750
768
778
800
821
840
858
863
875
886
897
914
924
941
951
959
970
983
993
997


15
19
25
35
48
59
66
76
94
98
115
132
136
142
146
163
168
185
203
208
228
239
256
262
272
289
309
318
331
350
367
371
382
386
395
399
404
421
429
433
443
460
467
471
484
503
519
523
540
559
575
585
602
608
621
627
634
656
673
690
707
717
734
754
758
777
794
813
831
841
845
849
869
886
901
909
931
936
953
970
980
999


29
36
53
60
77
84
88
106
115
139
150
155
159
176
193
202
221
239
256
273
290
307
321
338
355
365
372
382
387
391
400
420
437
444
462
478
496
502
512
532
549
572
589
610
630
638
658
662
679
683
688
705
712
716
741
758
778
796
802
819
830
847
851
868
889
909
926
935
952
973
991


13
25
45
52
60
64
69
79
89
93
101
109
114
118
122
130
150
159
164
168
185
204
209
227
232
249
266
288
298
315
334
351
368
386
408
426
443
452
456
463
481
491
495
499
504
515
521
525
532
536
540
548
552
558
562
566
577
581
585
593
598
604
608
612
621
626
630
634
641
646
652
656
660
664
668
672
677
681
688
694
698
705
709
715
719
729
746
755
761
771
775
792
809
826
843
861
879
896
913
917
936
940
961
967
976
993


16
33
43
66
83
103
122
139
157
163
180
190
200
221
231
235
246
250
267
288
292
297
320
342
361
378
398
415
421
431
448
466
483
491
512
529
538
555
572
590
598
602
620
637
643
647
654
671
676
695
713
723
741
747
771
788
794
798
803
825
846
867
885
889
906
910
917
936
955
974
997


17
26
32
41
51
59
76
80
91
97
102
106
111
115
119
126
133
142
146
150
155
161
167
171
177
183
187
192
196
200
204
211
220
225
229
233
237
241
247
255
261
267
271
276
280
284
289
293
298
302
307
313
317
322
330
334
341
346
351
370
387
405
412
430
439
456
476
496
515
525
531
537
556
561
580
588
592
613
617
634
653
675
696
714
734
755
763
767
786
803
820
831
853
864
868
872
895
905
922
932
953
957
967
985


17
37
44
56
73
80
90
94
104
115
125
134
151
163
167
174
179
188
205
222
244
251
269
286
291
297
302
306
310
317
322
326
333
350
363
380
398
415
434
438
456
462
479
496
511
515
520
530
547
564
581
598
609
626
637
654
671
688
709
726
743
749
767
784
804
821
846
863
873
877
882
886
906
924
941
952
970
981
991


16
22
29
41
45
50
57
66
73
81
89
106
118
129
136
149
157
164
181
192
202
221
228
247
266
286
291
308
317
326
332
338
346
357
367
371
388
405
422
435
441
445
449
466
485
502
519
536
553
570
591
609
627
648
652
675
681
699
704
721
728
733
743
747
752
772
790
812
822
840
857
874
894
911
931
943
960
977
989
999


25
33
41
49
57
74
81
88
107
124
138
143
151
168
193
214
221
225
245
249
253
259
267
271
278
282
286
295
305
309
316
333
339
346
350
355
374
391
395
412
417
421
438
455
464
481
498
516
529
533
539
562
569
573
577
581
600
605
622
640
653
670
687
705
722
739
747
769
786
790
798
803
810
815
819
823
827
834
839
843
848
852
856
863
868
872
876
885
889
909
921
930
950
960
978
988
998


33
40
57
77
87
95
104
117
124
130
134
144
148
165
182
200
220
230
241
246
265
269
276
289
296
300
305
323
330
336
341
360
377
394
415
435
452
470
492
499
506
523
527
537
547
551
556
573
592
609
626
644
664
681
698
715
732
738
742
746
753
758
764
770
775
781
791
795
803
821
828
832
837
842
846
854
864
883
900
920
927
937
955
972
984
991
995


12
30
40
50
63
81
103
107
116
120
124
128
133
137
142
159
169
178
195
206
220
237
255
272
290
299
318
323
341
360
379
384
404
408
418
435
452
469
486
495
505
522
542
559
576
583
588
592
614
631
635
652
675
696
713
733
743
764
781
786
807
817
823
840
857
877
894
904
909
919
938
948
965
979
989


15
22
29
39
46
54
61
70
74
80
90
100
110
125
142
162
176
184
206
223
241
251
261
266
283
303
325
345
362
380
397
416
433
448
609
619
623
785
803
822
839
858
867
871
888
906
924
934
938
943
947
951
960
970
992
999


34
44
51
58
65
83
92
101
118
129
139
143
161
168
173
179
197
204
224
234
242
262
267
274
280
297
307
317
334
351
369
387
404
408
425
442
452
469
487
491
495
501
506
523
540
560
570
587
597
614
632
638
655
659
673
677
682
688
692
696
713
719
736
760
779
796
813
830
847
864
883
900
904
925
937
944
961
968
987


14
19
24
41
46
50
57
68
78
84
101
108
116
126
136
140
144
151
160
179
189
209
213
220
230
235
247
254
260
264
274
292
309
314
331
341
355
373
393
403
407
412
416
423
440
458
462
469
477
483
491
500
504
512
530
534
538
542
547
564
569
575
579
586
590
594
600
604
623
632
636
640
646
653
670
679
683
688
693
699
704
708
715
719
736
757
775
782
786
790
794
799
803
810
815
822
827
831
836
843
862
869
889
899
905
927
936
953
970
980
987
995


26
32
39
47
53
59
65
73
79
86
92
99
103
110
116
122
129
135
141
149
153
159
168
176
183
187
194
198
204
214
220
226
233
239
245
251
257
264
270
274
282
286
292
296
306
312
322
328
335
339
345
351
361
366
373
379
385
392
398
404
410
416
426
436
440
444
451
456
460
466
475
482
486
492
498
505
514
520
524
530
536
542
551
559
565
571
577
581
588
592
601
605
611
618
624
628
639
643
652
656
663
672
676
684
691
695
699
704
712
718
723
728
734
740
748
757
767
775
781
786
791
797
803
807
814
820
829
837
845
849
856
862
868
874
878
886
890
896
906
913
920
924
931
938
944
950
959
966
970
976
984
990
996


15
24
28
33
38
43
50
67
76
81
87
91
104
114
125
143
160
177
194
211
223
229
234
251
269
275
279
284
288
294
312
319
325
329
346
352
357
362
372
389
396
400
406
411
415
419
424
428
434
440
457
461
471
476
480
498
502
506
511
518
526
530
535
539
543
548
552
558
562
568
572
577
587
591
608
612
629
646
652
657
661
666
670
677
681
686
703
710
718
722
726
731
736
746
750
756
761
770
776
780
784
788
792
796
800
807
825
842
859
863
871
875
879
896
915
932
949
966
985
995


24
31
35
39
47
51
56
66
73
90
101
109
129
147
152
160
177
196
203
220
237
254
267
277
295
312
320
326
333
337
341
347
357
362
381
398
422
426
430
438
442
446
450
455
459
464
468
473
479
492
498
502
508
512
516
520
525
529
534
540
547
553
562
572
579
583
588
594
600
607
612
616
621
628
632
639
643
647
651
655
661
668
673
677
682
690
694
700
704
711
718
735
746
750
755
761
765
770
777
781
786
790
794
798
802
810
815
832
849
870
890
900
911
931
945
955
972
989
997


21
42
52
62
69
86
103
114
124
129
146
163
180
200
220
231
249
267
284
294
301
318
335
358
362
369
373
377
383
387
392
396
400
405
410
415
419
436
446
454
460
465
469
486
492
510
521
538
555
567
574
591
595
599
604
608
613
617
623
629
634
638
643
662
681
702
721
727
733
737
756
774
791
799
807
811
819
825
830
834
839
843
848
852
871
888
897
916
921
938
955
965
982
999


37
41
45
55
60
65
69
81
86
90
95
100
108
112
120
124
131
136
140
144
151
156
160
165
169
174
184
191
197
201
205
209
217
222
227
231
236
242
246
250
255
259
263
268
272
277
281
285
292
296
301
305
309
315
320
330
335
339
344
349
354
359
363
374
379
384
388
394
398
402
408
412
417
421
425
430
434
439
447
451
455
459
465
472
476
482
488
492
496
502
507
511
519
525
533
537
541
545
550
556
560
565
569
573
578
585
589
598
604
610
614
620
625
634
638
642
647
651
656
666
670
681
685
690
694
699
708
712
716
721
725
730
736
742
746
753
761
765
769
773
780
784
789
793
798
802
806
813
818
822
826
831
835
840
847
851
855
863
867
871
875
880
885
889
893
899
903
909
913
919
929
939
951
961
973
983
993


18
28
35
39
50
61
69
76
85
91
95
101
106
117
128
146
165
182
201
211
217
234
253
271
277
294
308
325
332
336
354
363
371
375
381
385
390
394
411
415
429
433
450
454
475
484
488
496
501
508
528
548
565
576
580
598
603
608
620
625
650
659
663
682
692
699
718
725
730
747
752
770
774
781
785
794
802
806
827
845
862
868
889
893
902
912
916
937
941
958
978
990


29
34
39
57
78
85
98
115
119
123
132
139
159
176
187
200
217
234
243
253
270
290
295
299
306
318
322
331
350
367
377
396
413
432
437
441
446
458
463
467
471
475
482
486
490
498
502
523
531
535
554
572
577
584
588
592
609
614
633
643
647
652
656
662
670
678
682
687
691
695
715
722
729
736
744
751
756
761
778
784
802
821
830
834
838
844
848
852
860
867
871
876
881
898
915
922
926
943
949
960
977
990


39
50
65
75
85
102
119
138
146
151
163
173
183
190
195
203
215
227
245
262
284
291
301
307
311
330
342
347
365
369
374
378
397
401
407
414
431
438
442
451
455
460
468
475
479
483
487
493
500
508
512
532
538
544
548
552
557
574
578
595
600
617
634
651
669
673
678
683
701
720
725
729
734
738
743
747
756
760
777
786
795
799
803
809
814
818
823
828
836
841
850
867
874
881
888
905
912
923
944
961
965
977
986
996


15
20
26
30
37
48
55
62
68
75
82
89
96
104
111
118
128
136
143
149
153
161
168
172
176
185
191
195
199
205
210
216
220
225
230
234
239
244
248
252
257
261
265
273
277
282
288
294
298
303
307
311
315
320
324
330
336
341
345
349
354
358
363
369
377
392
396
401
408
412
417
421
425
429
433
437
442
446
453
457
464
470
475
479
484
495
499
505
509
513
520
524
530
534
539
543
547
553
557
561
567
571
575
582
586
591
598
602
606
610
616
620
625
631
637
641
646
651
655
664
668
674
678
682
686
690
695
700
706
710
714
718
725
729
733
737
742
746
750
758
762
767
773
781
791
795
800
807
812
816
823
828
832
836
840
844
849
856
860
864
871
876
883
887
895
902
910
914
923
927
931
940
948
961
970
977
984
992
999


37
45
65
82
91
111
128
138
148
165
175
179
189
194
212
222
239
247
253
273
277
281
286
290
294
299
305
310
316
333
350
356
373
377
383
393
410
428
432
438
443
465
482
502
511
515
534
551
568
572
578
598
602
607
611
618
622
626
632
636
641
647
664
668
675
679
696
706
723
741
747
769
773
777
782
786
790
795
800
804
812
818
823
827
832
836
853
857
862
880
897
909
926
936
946
956
974
984
994


13
21
27
37
47
65
85
96
113
132
136
153
173
183
200
210
223
233
239
256
266
286
295
308
321
340
358
364
369
388
399
403
408
426
443
464
481
488
495
502
507
512
516
526
531
535
539
544
551
557
561
566
570
575
579
589
593
601
605
610
614
619
623
627
631
635
640
644
649
653
665
670
675
679
683
688
693
697
706
713
717
723
740
744
748
753
757
761
765
769
789
795
799
803
807
814
818
822
827
845
862
866
870
891
908
927
946
963
973
980
990


52
59
68
79
83
94
112
130
137
141
153
158
178
196
213
230
247
265
282
292
314
319
331
335
347
357
375
392
402
419
425
430
447
454
458
462
466
484
488
500
517
521
526
530
534
538
543
552
556
562
566
571
575
580
586
591
595
601
605
610
614
618
629
633
639
643
647
652
656
663
669
673
677
681
685
689
694
698
703
707
711
715
719
723
729
735
743
747
754
759
764
768
772
781
788
794
798
803
807
814
819
823
830
835
842
859
883
900
904
921
939
957
968
985
996


13
20
29
35
41
48
54
60
67
73
81
87
93
99
104
110
116
124
130
137
143
149
156
162
168
174
180
186
192
198
202
208
212
219
225
229
235
246
252
258
264
270
277
283
288
297
303
310
316
327
333
340
345
351
355
360
367
374
378
382
386
392
396
400
404
409
416
422
428
432
436
441
445
450
455
459
467
476
480
485
491
496
502
506
514
518
522
527
531
538
542
547
551
560
564
570
574
579
583
587
592
598
602
608
613
620
624
632
636
643
649
655
660
664
668
676
680
689
694
699
705
709
716
722
730
736
745
751
755
759
763
772
777
783
789
793
800
807
813
818
826
832
836
842
848
852
858
863
869
873
879
885
892
900
905
911
918
927
933
941
947
953
959
965
971
977
983
990


37
47
58
65
83
101
126
131
137
141
145
149
166
170
181
192
213
224
235
245
256
260
277
286
303
313
333
343
360
378
395
400
409
413
420
424
429
439
445
451
455
473
490
494
515
526
531
538
560
577
581
585
591
595
603
621
638
655
665
671
675
692
711
722
727
731
736
753
777
783
800
805
809
827
845
853
858
865
882
900
911
916
933
950
967
984


21
26
32
38
44
51
58
64
70
75
81
88
94
100
107
116
122
128
135
141
146
152
159
165
172
178
184
190
196
202
210
216
223
227
233
240
247
254
260
267
271
277
284
288
295
302
308
312
318
324
330
338
342
348
354
361
371
377
384
392
399
403
409
413
420
431
435
441
445
451
455
462
469
475
479
485
489
498
502
512
518
524
528
534
538
544
549
554
560
564
568
572
578
584
590
594
601
605
611
620
626
631
635
641
648
653
657
662
672
679
685
692
699
703
710
714
720
724
730
736
740
746
750
757
761
767
772
780
784
790
796
800
805
809
815
819
825
831
838
843
849
853
859
863
870
874
880
887
891
898
904
913
920
927
933
939
946
952
960
966
972
978
985
993
999


53
72
76
81
91
101
108
114
132
152
156
166
185
199
209
227
231
236
243
247
264
281
285
304
322
327
332
338
343
347
353
357
361
368
377
383
390
394
400
404
408
417
436
440
458
463
467
471
475
480
484
501
506
511
515
524
528
534
540
544
548
552
556
565
570
574
578
582
589
594
611
628
632
642
659
676
680
684
689
693
717
724
742
761
772
776
780
797
801
818
828
848
867
884
906
918
928
939
951
969
973
978
988


27
33
40
50
54
61
73
78
88
98
115
119
124
141
151
155
160
167
178
195
216
220
224
230
238
242
247
253
257
262
273
278
295
303
310
316
320
326
331
335
341
346
353
359
363
368
372
376
397
401
407
424
441
447
465
470
474
491
497
501
507
514
521
529
539
560
577
581
601
605
611
621
631
637
655
659
668
672
679
683
704
709
726
734
740
747
751
755
762
766
770
779
785
807
811
817
837
857
874
891
897
906
912
925
935
956
974
992


15
26
30
47
57
69
83
93
112
116
126
133
143
154
172
192
197
216
239
247
264
269
273
280
284
305
312
316
320
326
330
335
345
362
380
385
403
421
445
449
454
461
466
471
477
481
485
493
500
504
508
513
517
522
527
531
538
543
548
554
559
567
574
578
582
589
598
604
621
625
630
634
638
643
662
681
688
692
696
701
705
715
719
723
731
735
739
744
748
753
757
763
767
771
779
784
788
793
804
808
815
819
824
828
833
838
846
851
855
860
866
870
874
878
883
887
910
920
924
945
966
983
997


16
25
31
37
46
53
59
65
73
82
88
94
101
107
113
122
128
137
143
150
158
165
171
179
185
192
198
204
210
216
224
234
240
244
248
254
258
264
270
277
284
290
297
302
306
312
318
324
331
335
342
349
356
362
368
374
381
392
398
404
411
417
423
429
435
442
446
451
455
464
468
473
480
484
488
497
504
508
513
517
521
528
533
537
541
547
554
558
564
570
576
580
585
589
594
598
604
608
613
617
625
630
640
644
648
654
660
664
668
675
679
687
691
697
704
713
719
723
727
734
738
743
748
755
760
764
769
774
778
783
787
793
797
803
811
818
825
829
835
841
848
857
863
869
873
881
888
894
900
907
914
918
926
932
938
945
951
955
961
968
974
982
988
995


17
23
43
57
61
71
75
92
102
108
113
131
136
153
170
188
207
224
232
236
253
257
266
283
300
320
337
358
376
393
410
416
434
453
471
475
480
499
516
520
542
559
577
595
602
619
639
657
680
687
704
721
743
767
786
790
807
824
843
864
884
901
906
925
945
949
954
958
975
993


15
26
32
39
48
54
59
64
75
83
87
105
115
119
130
147
164
175
196
214
234
251
268
285
302
321
343
348
365
382
389
407
424
429
450
472
490
508
529
546
564
581
586
606
623
641
645
662
683
700
721
740
757
774
779
796
813
834
851
861
883
900
918
935
945
956
975
997


17
22
32
50
67
86
108
112
129
146
163
180
196
218
235
252
256
278
282
290
296
314
331
353
370
388
408
416
422
427
431
449
453
458
462
467
471
477
481
486
490
495
504
525
542
559
576
595
600
604
608
613
618
639
656
661
678
695
712
729
746
772
792
812
829
846
865
883
903
914
924
941
960
977
994


12
18
23
30
37
46
53
59
76
86
93
110
120
129
134
140
161
179
189
195
213
230
247
265
287
304
321
343
347
354
373
394
411
431
449
453
475
493
510
520
524
545
549
553
563
583
602
607
612
629
633
643
663
681
701
706
720
737
757
761
779
797
816
821
840
861
880
902
924
941
951
958
975
992


17
22
30
37
43
60
77
97
114
132
153
163
169
173
194
214
219
224
237
255
274
292
309
322
328
347
364
383
400
417
433
443
461
479
501
512
529
549
566
571
588
592
596
604
608
612
629
646
656
667
685
691
713
730
748
766
785
803
820
826
830
848
852
874
891
908
912
930
949
966
970
987
997


15
25
32
36
42
47
69
73
86
90
109
119
125
142
146
164
173
190
194
199
219
236
241
245
262
279
298
315
321
326
330
337
342
346
352
361
383
402
421
425
430
447
465
469
488
492
499
520
538
542
559
579
598
608
627
644
661
665
669
686
690
711
728
746
763
780
798
803
807
812
831
835
854
873
890
907
924
943
961
965
983


31
41
52
56
61
65
71
77
81
85
90
99
103
120
139
156
177
198
202
209
214
218
236
254
273
290
312
333
354
365
382
399
418
435
441
458
476
494
511
529
540
557
578
599
610
614
632
636
654
662
666
671
677
683
688
692
696
702
706
713
720
737
759
776
803
821
838
856
860
879
898
904
908
914
931
938
956
973
993


17
23
32
42
62
66
70
75
92
98
116
122
129
151
168
178
198
215
235
244
250
267
285
307
311
328
345
353
364
368
382
388
408
412
429
436
441
459
476
495
516
537
554
558
576
595
613
617
638
659
674
691
702
722
740
757
762
781
798
802
806
823
840
857
862
884
888
893
910
929
948
958
976
996


17
26
30
37
43
52
76
84
101
110
114
131
139
156
176
187
208
220
237
257
274
281
291
309
326
344
363
380
398
415
432
450
454
476
500
509
526
543
560
565
587
606
616
634
651
657
674
688
705
724
741
759
763
768
787
804
821
841
848
865
882
887
891
895
899
904
910
915
932
950
956
960
977
994


31
40
47
51
55
72
84
90
97
114
121
139
146
151
155
174
181
188
205
222
242
259
279
298
317
321
338
357
374
392
409
426
446
464
469
486
508
525
545
564
582
600
618
635
652
671
688
705
722
741
764
784
791
810
814
821
825
830
851
871
888
906
911
916
937
948
967
984


37
41


12
30
47
64
81
91
108
125
143
160
170
174
178
182
200
210
227
249
266
285
291
300
310
314
319
323
329
334
338
342
349
366
383
400
404
411
428
445
463
480
500
518
537
555
573
587
610
628
636
642
647
664
681
698
702
720
737
758
762
786
806
826
843
860
877
894
913
930
947
965
975
985
991


17
37
55
62
69
79
96
106
119
140
150
157
177
195
206
212
232
249
266
283
300
310
327
334
353
357
367
386
403
420
444
461
478
499
516
534
551
568
578
598
615
632
649
813
820
824
841
861
870
888
905
909
930
947
953
971
992
997


14
23
33
41
63
71
84
92
102
108
113
121
140
162
176
193
213
235
255
272
289
307
311
316
333
352
370
390
410
429
447
464
481
486
490
494
511
530
548
561
565
582
586
603
620
640
644
661
678
697
714
732
749
758
775
792
810
831
848
867
884
903
920
937
957
977
984


15
24
43
60
78
95
106
113
123
140
150
156
173
197
215
233
251
269
287
304
323
340
357
374
392
410
427
433
442
460
465
482
502
519
540
544
561
578
595
612
629
648
658
668
688
701
721
743
760
782
792
813
830
847
857
875
896
913
923
941
963
973
993


15
20
28
39
48
56
69
86
103
113
123
145
151
161
165
182
199
216
233
255
272
277
294
298
318
326
331
337
342
360
377
394
412
423
427
432
436
458
475
492
497
518
537
554
573
592
596
613
630
649
654
659
663
668
691
711
717
722
739
758
778
795
815
833
838
855
859
866
884
902
919
929
948
961
980
997


24
28
34
51
68
72
89
99
116
135
145
163
181
185
202
220
243
250
267
285
302
306
311
315
322
326
339
358
375
393
410
428
445
470
474
493
513
530
547
708
726
730
734
754
776
793
812
829
849
868
881
898
916
920
940
948
959
968
975
985
993


16
23
41
51
60
64
75
79
98
108
127
148
158
177
198
213
231
241
249
271
282
286
303
321
338
346
353
371
390
412
429
451
462
483
487
504
510
516
533
694
698
703
708
726
743
748
755
776
796
801
807
824
841
859
863
867
872
876
880
900
909
915
921
927
934
952
969
986


18
23
31
48
55
65
82
99
105
122
139
157
175
192
215
233
250
270
290
307
312
335
352
356
374
392
410
428
447
465
472
477
495
512
516
533
554
571
575
582
586
591
601
618
629
647
655
660
664
681
699
860
880
891
908
925
934
951
971
981
988
992


27
35
56
60
67
86
106
123
144
148
166
171
188
193
210
223
240
257
271
289
306
325
332
349
366
374
378
395
417
438
458
475
480
485
502
522
527
531
538
542
561
580
598
615
623
629
633
637
644
663
667
684
701
722
739
744
750
767
786
803
823
842
860
878
895
905
926
946
965
972
989
999


39
999








994












999






999


999














22
















999






996






34


















998


996










































39
999




996




36
46


















993


