































































































































































42
51
55
61
70
83
99
109
127
132
138
156
163
170
180
191
201
211
228
240
244
248
255
268
280
292
298
317
321
336
346
363
374
384
401
411
432
438
450
468
475
485
489
493
498
507
511
516
523
530
537
548
565
574
593
612
618
629
643
657
667
677
687
704
711
718
728
738
755
765
782
792
812
818
835
845
854
































































































































































