0.3221123
0.36169857
0.37095842
0.47406524
0.31883973
0.3146896
0.28195223
0.2800245
0.29558283
0.23598339
0.2694559
0.3026241
0.35122716
0.28355953
0.35755736
0.36304778
0.3009835
0.2744369
0.27813223
0.2850343
0.34613198
0.3119728
0.29372638
0.33124143
0.32958668
0.26615503
0.30407175
0.3117006
0.29583985
0.26689273
0.33500245
0.34028405
0.2952675
0.2864527
0.26152736
0.28721362
0.31508029
0.28663418
0.29742968
0.2604032
0.28455177
0.3806472
0.28862706
0.29302573
0.3094021
0.28722218
0.29726177
0.2643619
0.300648
0.31597584
0.32484478
0.3148269
0.27118787
0.39424804
0.32783708
0.37856218
0.25604555
0.2750836
0.27737424
0.37764245
0.29656878
0.28560826
0.28766224
0.30621126
0.28814584
0.30630982
0.26505363
0.31828153
0.285487
0.29937696
0.2822454
0.2998609
0.27996528
0.2850261
0.32728034
0.2937147
0.288423
0.28853554
0.28548086
0.29902437
0.3221123
0.36169857
0.37095842
0.47406524
0.31883973
0.3146896
0.28195223
0.2800245
0.29558283
0.23598339
0.2694559
0.3026241
0.35122716
0.28355953
0.35755736
0.36304778
0.3009835
0.2744369
0.27813223
0.2850343
0.34613198
0.3119728
0.29372638
0.33124143
0.32958668
0.26615503
0.30407175
0.3117006
0.29583985
0.26689273
0.33500245
0.34028405
0.29526436
0.2864527
0.26152736
0.28724048
0.31508029
0.28663418
0.29742968
0.2604032
0.28455177
0.3806472
0.28862706
0.29302573
0.3094021
0.28722218
0.29726177
0.2643619
0.300648
0.31597584
0.32484478
0.3148269
0.27118787
0.39424804
0.32783708
0.37856218
0.25604555
0.2750836
0.27737424
0.37764245
0.29656878
0.28560826
0.28766224
0.30621126
0.28814584
0.30630982
0.26498735
0.31828153
0.285487
0.29937696
0.2822454
0.2998609
0.27996528
0.2850261
0.32728034
0.2937147
0.288423
0.28853554
0.28548086
0.29902437
0.3221123
0.36169857
0.37095842
0.47406524
0.31883973
0.3146896
