748.4079
788.33954
792.1597
876.0909
753.36365
726.0043
726.0271
708.44196
704.45056
653.40924
702.31165
748.5325
774.9832
712.10986
782.8494
798.60065
734.2144
685.9482
699.1692
694.34924
808.4502
781.3813
770.73895
791.0246
788.5339
727.3209
757.57166
752.82074
729.04596
724.455
807.98724
793.1848
769.419
764.773
751.3351
737.7774
749.46985
741.30945
747.42413
715.687
761.71796
826.14136
750.95435
755.6079
760.1605
669.81396
734.8968
691.2775
724.2844
730.0318
760.4609
759.2302
714.3673
828.16266
754.2391
800.6748
679.3872
708.6186
720.07666
803.857
787.0228
802.34906
783.734
818.2484
782.43634
787.4031
748.5741
793.2585
765.03265
777.2487
780.2056
787.131
779.4165
787.8177
810.3067
783.2081
773.42224
775.3017
781.5357
787.1521
748.4079
788.33954
792.1597
876.0909
753.36365
726.0043
726.0271
708.44196
704.45056
653.40924
702.31165
748.5325
774.9832
712.10986
782.8494
798.60065
734.2144
685.9482
699.1692
694.34924
808.4502
781.3813
770.73895
791.0246
788.5339
727.3209
757.57166
752.82074
729.04596
724.455
807.98724
793.1848
769.3717
764.773
751.3351
737.9309
749.46985
741.30945
747.42413
715.687
761.71796
826.14136
750.95435
755.6079
760.1605
669.81396
734.8968
691.2775
724.2844
730.0318
760.4609
759.2302
714.3673
828.16266
754.2391
800.6748
679.3872
708.6186
720.07666
803.857
787.0228
802.34906
783.734
818.2484
782.43634
787.4031
748.44574
793.2585
765.03265
777.2487
780.2056
787.131
779.4165
787.8177
810.3067
783.2081
773.42224
775.3017
781.5357
787.1521
748.4079
788.33954
792.1597
876.0909
753.36365
726.0043
