0.6472108
0.6636556
0.6608503
0.72063357
0.6617228
0.6407063
0.6484126
0.64193046
0.611791
0.6007249
0.6400933
0.6617059
0.6629705
0.6340309
0.6617235
0.6889536
0.65785027
0.6212281
0.61726105
0.62169725
0.66456217
0.6572236
0.65407544
0.6560433
0.65138483
0.6266702
0.6279624
0.6209384
0.6176416
0.6202279
0.66682726
0.6574613
0.65293217
0.6543136
0.65757483
0.62196285
0.61694705
0.6318279
0.63054377
0.619675
0.65398246
0.7236106
0.6490001
0.64734143
0.6474018
0.5968925
0.6142177
0.6029238
0.6012626
0.6453266
0.6399158
0.64607006
0.6242407
0.7168365
0.63724345
0.6924521
0.59885454
0.61094385
0.62098294
0.69159085
0.64288354
0.65212905
0.64139324
0.65510875
0.63826543
0.62815243
0.617467
0.6299723
0.62104815
0.61966217
0.6328876
0.6435882
0.64193696
0.6453907
0.6507
0.63237774
0.6286607
0.6297435
0.6308079
0.6326426
0.6472108
0.6636556
0.6608503
0.72063357
0.6617228
0.6407063
0.6484126
0.64193046
0.611791
0.6007249
0.6400933
0.6617059
0.6629705
0.6340309
0.6617235
0.6889536
0.65785027
0.6212281
0.61726105
0.62169725
0.66456217
0.6572236
0.65407544
0.6560433
0.65138483
0.6266702
0.6279624
0.6209384
0.6176416
0.6202279
0.66682726
0.6574613
0.6529063
0.6543136
0.65757483
0.62212896
0.61694705
0.6318279
0.63054377
0.619675
0.65398246
0.7236106
0.6490001
0.64734143
0.6474018
0.5968925
0.6142177
0.6029238
0.6012626
0.6453266
0.6399158
0.64607006
0.6242407
0.7168365
0.63724345
0.6924521
0.59885454
0.61094385
0.62098294
0.69159085
0.64288354
0.65212905
0.64139324
0.65510875
0.63826543
0.62815243
0.61732495
0.6299723
0.62104815
0.61966217
0.6328876
0.6435882
0.64193696
0.6453907
0.6507
0.63237774
0.6286607
0.6297435
0.6308079
0.6326426
0.6472108
0.6636556
0.6608503
0.72063357
0.6617228
0.6407063
